accuracy: 0.9798657718120806
per_class:
  Iris-setosa:
    f1-score: 1.0
    precision: 1.0
    recall: 1.0
  Iris-versicolor:
    f1-score: 0.9690721649484536
    precision: 1.0
    recall: 0.94
  Iris-virginica:
    f1-score: 0.970873786407767
    precision: 0.9433962264150944
    recall: 1.0
