accuracy: 0.8739495798319328
per_class:
  Iris-setosa:
    f1-score: 0.9767441860465116
    precision: 0.9545454545454546
    recall: 1.0
  Iris-versicolor:
    f1-score: 0.8051948051948052
    precision: 0.8378378378378378
    recall: 0.775
  Iris-virginica:
    f1-score: 0.8266666666666667
    precision: 0.8157894736842105
    recall: 0.8378378378378378
