accuracy: 0.9395973154362416
per_class:
  Iris-setosa:
    f1-score: 1.0
    precision: 1.0
    recall: 1.0
  Iris-versicolor:
    f1-score: 0.9072164948453608
    precision: 0.9361702127659575
    recall: 0.88
  Iris-virginica:
    f1-score: 0.912621359223301
    precision: 0.8867924528301887
    recall: 0.94
