accuracy: 0.959731543624161
per_class:
  Iris-setosa:
    f1-score: 1.0
    precision: 1.0
    recall: 1.0
  Iris-versicolor:
    f1-score: 0.9387755102040817
    precision: 0.9583333333333334
    recall: 0.92
  Iris-virginica:
    f1-score: 0.9411764705882353
    precision: 0.9230769230769231
    recall: 0.96
