accuracy: 0.865546218487395
per_class:
  Iris-setosa:
    f1-score: 0.9767441860465116
    precision: 0.9545454545454546
    recall: 1.0
  Iris-versicolor:
    f1-score: 0.7948717948717948
    precision: 0.8157894736842105
    recall: 0.775
  Iris-virginica:
    f1-score: 0.8108108108108109
    precision: 0.8108108108108109
    recall: 0.8108108108108109
